(array([[ 0.17925485],
       [ 0.85911409],
       [-1.71748185]]), array([[-0.09186825],
       [ 0.66238462],
       [ 1.58636966]]), array([[-0.73462107],
       [ 0.8989401 ],
       [-1.29631698]]), array([[-0.00210194],
       [ 0.22722492],
       [ 1.54008705]]), array([[ 0.09031048],
       [-0.19562192],
       [ 1.44521702]]), array([[-0.89969115],
       [-1.10477014],
       [ 1.48111   ]]), array([[ 0.53945142],
       [-0.63895281],
       [-1.24714627]]), array([[-0.42175171],
       [ 0.43834328],
       [ 1.49967066]]), array([[-0.08617709],
       [ 0.19437428],
       [ 1.30215838]]), array([[-0.61458322],
       [ 0.51464896],
       [-1.48845607]]), array([[ 0.04145556],
       [ 0.50778002],
       [-1.47375875]]), array([[-0.90080285],
       [-1.19234098],
       [ 1.46838651]]), array([[ 0.44089405],
       [-0.21052038],
       [ 1.4364462 ]]))