(array([[ 0.52777863],
       [ 4.35430804],
       [18.71941719]]), array([[ 1.13458251],
       [ 0.23666241],
       [13.47048596]]), array([[-2.13803441],
       [ 2.61097595],
       [16.77252119]]), array([[-0.05561903],
       [-1.929158  ],
       [14.8996046 ]]), array([[ 2.45748233],
       [-2.33415175],
       [ 9.92762272]]), array([[-0.81770141],
       [-0.75241858],
       [19.95865687]]), array([[-7.36344062],
       [ 3.15742911],
       [17.27773972]]), array([[ 2.74285133],
       [-0.19619003],
       [15.31325772]]), array([[ 1.30420552],
       [-2.24204768],
       [11.51799038]]), array([[-5.26487177],
       [ 2.66178215],
       [12.86772469]]), array([[-8.31471787],
       [ 3.59522441],
       [16.74739451]]), array([[-1.77358949],
       [-1.16462653],
       [15.32371078]]), array([[ 3.7800254 ],
       [ 0.57932519],
       [14.28974038]]))